 PDE 2017 12  1  2 32 44.00  3466557.0 1690528.0  6.0 0.0 6.0 IRAN
event name:     201712023244  
time shift:      0.0000
half duration:   1.3000
latitute:       3466557.0
longitude:      1690528.0
depth:           6.0000
Mrr:       0.000000e+25
Mtt:       0.000000e+25
Mpp:       0.000000e+25
Mrt:       0.000000e+25
Mrp:       0.000000e+25
Mtp:       1.000000e+25