 PDE 2017 12  1  2 32 44.0  3466557.0 1690528.0  15.0 0.0 5.9 IRAN
event name:     201712010232  
time shift:      0.0000
half duration:   1.3000
latitute:       3466557.0
longitude:      1690528.0
depth:          15.0000
Mrr:       0.000000e+23
Mtt:       0.000000e+23
Mpp:       0.000000e+23
Mrt:       1.000000e+23
Mrp:       0.000000e+23
Mtp:       0.000000e+23
